QT 0 0 1952 1952 2

QT 1 0 976 976 976 8
1 896 1762 127 16
1 768 1762 127 15
1 642 1761 124 31
1 512 1761 128 32
1 385 1761 126 32
1 257 1760 126 32
1 129 1761 127 31
1 0 1762 128 30

QT 2 976 1464 488 488 6
1 1456 1825 48 15
1 1409 1762 126 15
1 1281 1762 127 14
1 896 1762 127 16
1 1025 1762 127 14
1 1151 1762 128 14

QT 2 1464 1464 488 488 8
1 1696 1825 96 14
1 1666 1763 156 13
1 1520 1857 160 15
1 1537 1762 128 14
1 1456 1825 48 15
1 1409 1762 126 15
1 1825 1761 125 14
1 1952 1761 128 14

